  -0.0000000000000000        1.0000000000000002E-002   4.0000000000000008E-002   9.0000000000000024E-002  0.16000000000000003       0.25000000000000000       0.36000000000000010       0.49000000000000010       0.64000000000000012       0.81000000000000005        1.0000000000000000     
  -1.0000000000000002E-002   0.0000000000000000        1.0000000000000002E-002   2.5000000000000008E-002   4.6250000000000013E-002   7.4062500000000003E-002  0.10851562500000003       0.14962890625000003       0.19740722656250004       0.49935180664062501       0.98999999999999999     
  -4.0000000000000008E-002  -1.0000000000000002E-002   0.0000000000000000        6.2500000000000021E-003   1.3125000000000005E-002   2.1796875000000000E-002   3.2578125000000006E-002   4.5551757812500010E-002   6.0739746093750012E-002  0.38002288818359375       0.95999999999999996     
  -9.0000000000000024E-002  -2.5000000000000008E-002  -6.2500000000000021E-003   0.0000000000000000        3.2812500000000012E-003   6.2695312499999999E-003   9.7119140625000020E-003   1.3815917968750003E-002   1.8638916015625003E-002  0.32716545104980466       0.90999999999999992     
 -0.16000000000000003       -4.6250000000000013E-002  -1.3125000000000005E-002  -3.2812500000000012E-003   0.0000000000000000        1.5673828125000000E-003   2.8198242187500006E-003   4.1589355468750009E-003   5.6994628906250015E-003  0.29321622848510742       0.83999999999999997     
 -0.25000000000000000       -7.4062500000000003E-002  -2.1796875000000000E-002  -6.2695312499999999E-003  -1.5673828125000000E-003   0.0000000000000000        7.0495605468750015E-004   1.2159729003906252E-003   1.7288589477539066E-003  0.26123627185821530       0.75000000000000000     
 -0.36000000000000010      -0.10851562500000003       -3.2578125000000006E-002  -9.7119140625000020E-003  -2.8198242187500006E-003  -7.0495605468750015E-004   0.0000000000000000        3.0399322509765630E-004   5.0821304321289071E-004  0.22543612122535703       0.63999999999999990     
 -0.49000000000000010      -0.14962890625000003       -4.5551757812500010E-002  -1.3815917968750003E-002  -4.1589355468750009E-003  -1.2159729003906252E-003  -3.0399322509765630E-004   0.0000000000000000        1.2705326080322268E-004  0.18389079362154004       0.50999999999999990     
 -0.64000000000000012      -0.19740722656250004       -6.0739746093750012E-002  -1.8638916015625003E-002  -5.6994628906250015E-003  -1.7288589477539066E-003  -5.0821304321289071E-004  -1.2705326080322268E-004   0.0000000000000000       0.13597269840538498       0.35999999999999988     
 -0.81000000000000005      -0.49935180664062501      -0.38002288818359375      -0.32716545104980466      -0.29321622848510742      -0.26123627185821535      -0.22543612122535706      -0.18389079362154004      -0.13597269840538498        0.0000000000000000       0.18999999999999995     
  -1.0000000000000000      -0.98999999999999999      -0.95999999999999996      -0.90999999999999992      -0.83999999999999997      -0.75000000000000000      -0.63999999999999990      -0.50999999999999990      -0.35999999999999988      -0.18999999999999995        0.0000000000000000     
  -0.0000000000000000        1.0000000000000002E-002   4.0000000000000008E-002   9.0000000000000024E-002  0.16000000000000003       0.25000000000000000       0.36000000000000010       0.49000000000000010       0.64000000000000012       0.81000000000000005        1.0000000000000000     
  -1.0000000000000002E-002   0.0000000000000000        1.6250000000000004E-002   3.9687500000000007E-002   7.1718750000000012E-002  0.11300781250000001       0.16380371093750004       0.22419067382812505       0.35607055664062504       0.63402336120605463       0.98999999999999999     
  -4.0000000000000008E-002  -1.6250000000000004E-002   0.0000000000000000        1.3203125000000003E-002   2.7500000000000004E-002   4.4838867187499999E-002   6.5976562500000016E-002   9.1180725097656262E-002  0.21147827148437501       0.53316677093505860       0.95999999999999996     
  -9.0000000000000024E-002  -3.9687500000000014E-002  -1.3203125000000005E-002  -4.3368086899420177E-019   8.4423828125000013E-003   1.6140136718750000E-002   2.4688110351562504E-002   3.4666671752929694E-002  0.14475246429443359       0.47028386592864990       0.90999999999999992     
 -0.16000000000000003       -7.1718750000000012E-002  -2.7500000000000004E-002  -8.4423828125000013E-003   1.0842021724855044E-019   4.7399902343749998E-003   8.5729980468750005E-003   1.2538776397705080E-002  0.11305908203124999       0.42114480495452877       0.83999999999999997     
 -0.25000000000000000      -0.11300781250000000       -4.4838867187500006E-002  -1.6140136718750003E-002  -4.7399902343750007E-003  -2.9815559743351372E-019   2.4472427368164061E-003   4.2547178268432621E-003   9.4764571189880367E-002  0.37283637434244155       0.75000000000000000     
 -0.36000000000000010      -0.16380371093750004       -6.5976562500000002E-002  -2.4688110351562504E-002  -8.5729980468750022E-003  -2.4472427368164070E-003  -1.7618285302889447E-019   1.1907327175140381E-003   8.0379619598388657E-002  0.31927669689059257       0.63999999999999990     
 -0.49000000000000010      -0.22419067382812502       -9.1180725097656262E-002  -3.4666671752929694E-002  -1.2538776397705080E-002  -4.2547178268432630E-003  -1.1907327175140385E-003  -1.3552527156068805E-019   6.6067603304982181E-002  0.25782924965023990       0.50999999999999990     
 -0.64000000000000012      -0.35607055664062504      -0.21147827148437501      -0.14475246429443359      -0.11305908203125001       -9.4764571189880381E-002  -8.0379619598388671E-002  -6.6067603304982181E-002   0.0000000000000000       0.15445731241255994       0.35999999999999988     
 -0.81000000000000005      -0.63402336120605463      -0.53316677093505849      -0.47028386592864985      -0.42114480495452877      -0.37283637434244155      -0.31927669689059257      -0.25782924965023990      -0.15445731241255994        0.0000000000000000       0.18999999999999995     
  -1.0000000000000000      -0.98999999999999999      -0.95999999999999996      -0.90999999999999992      -0.83999999999999997      -0.75000000000000000      -0.63999999999999990      -0.50999999999999990      -0.35999999999999988      -0.18999999999999995        0.0000000000000000     
  -0.0000000000000000        1.0000000000000002E-002   4.0000000000000008E-002   9.0000000000000024E-002  0.16000000000000003       0.25000000000000000       0.36000000000000010       0.49000000000000010       0.64000000000000012       0.81000000000000005        1.0000000000000000     
  -1.0000000000000002E-002   0.0000000000000000        1.9921875000000006E-002   4.8710937500000016E-002   8.7304687500000019E-002  0.13648681640624999       0.19666351318359379       0.28347869873046877       0.44224508285522462       0.69385296344757075       0.98999999999999999     
  -4.0000000000000008E-002  -1.9921875000000006E-002  -4.3368086899420177E-019   1.9052734375000005E-002   3.9909667968750014E-002   6.4628295898437507E-002   9.4290161132812522E-002  0.15597845077514652       0.31903569221496580       0.61079313039779659       0.95999999999999996     
  -9.0000000000000024E-002  -4.8710937500000009E-002  -1.9052734375000005E-002   0.0000000000000000        1.4012451171875002E-002   2.7017211914062506E-002   4.1136760711669933E-002   8.8601613044738778E-002  0.24774506330490115       0.54742074966430665       0.90999999999999992     
 -0.16000000000000003       -8.7304687500000006E-002  -3.9909667968750007E-002  -1.4012451171875002E-002  -2.1684043449710089E-019   8.8975524902343769E-003   1.6255083084106448E-002   5.5542623996734618E-002  0.20479926586151120       0.49126409746706490       0.83999999999999997     
 -0.25000000000000000      -0.13648681640625002       -6.4628295898437507E-002  -2.7017211914062502E-002  -8.8975524902343769E-003  -2.1684043449710089E-019   5.1274502277374274E-003   3.9156344532966618E-002  0.17429290108382703       0.43370842386037112       0.75000000000000000     
 -0.36000000000000010      -0.19666351318359376       -9.4290161132812522E-002  -4.1136760711669933E-002  -1.6255083084106451E-002  -5.1274502277374283E-003  -4.3368086899420177E-019   2.9883991032838821E-002  0.14738029807806016       0.36972949289716778       0.63999999999999990     
 -0.49000000000000010      -0.28347869873046883      -0.15597845077514652       -8.8601613044738792E-002  -5.5542623996734625E-002  -3.9156344532966618E-002  -2.9883991032838821E-002   0.0000000000000000       0.10130238693207502       0.28387229806045067       0.50999999999999990     
 -0.64000000000000012      -0.44224508285522462      -0.31903569221496580      -0.24774506330490109      -0.20479926586151120      -0.17429290108382700      -0.14738029807806013      -0.10130238693207501        0.0000000000000000       0.16096807451511264       0.35999999999999988     
 -0.81000000000000005      -0.69385296344757075      -0.61079313039779659      -0.54742074966430665      -0.49126409746706479      -0.43370842386037112      -0.36972949289716778      -0.28387229806045067      -0.16096807451511264        0.0000000000000000       0.18999999999999995     
  -1.0000000000000000      -0.98999999999999999      -0.95999999999999996      -0.90999999999999992      -0.83999999999999997      -0.75000000000000000      -0.63999999999999990      -0.50999999999999990      -0.35999999999999988      -0.18999999999999995        0.0000000000000000     
  -0.0000000000000000        1.0000000000000002E-002   4.0000000000000008E-002   9.0000000000000024E-002  0.16000000000000003       0.25000000000000000       0.36000000000000010       0.49000000000000010       0.64000000000000012       0.81000000000000005        1.0000000000000000     
  -1.0000000000000002E-002   0.0000000000000000        2.2177734375000008E-002   5.4633789062500007E-002   9.7757568359375005E-002  0.15226234436035160       0.22250780105590826       0.32768283367156986       0.49514287233352661       0.72648400068283081       0.98999999999999999     
  -4.0000000000000008E-002  -2.2177734375000004E-002   8.6736173798840355E-019   2.3635864257812507E-002   5.0008544921875009E-002   8.0894565582275396E-002  0.12512939453125002       0.21511238336563113       0.39219836235046385       0.65652577817440028       0.95999999999999996     
  -9.0000000000000024E-002  -5.4633789062500007E-002  -2.3635864257812503E-002   8.6736173798840355E-019   1.9256439208984379E-002   3.7546329498291023E-002   6.6883105039596560E-002  0.14632079392671585       0.32268479295074937       0.59511866714805362       0.90999999999999992     
 -0.16000000000000003       -9.7757568359375019E-002  -5.0008544921875009E-002  -1.9256439208984379E-002   0.0000000000000000        1.3450353145599368E-002   3.5250883102416988E-002  0.10638182185590266       0.27365590333938600       0.53562074858695263       0.83999999999999997     
 -0.25000000000000000      -0.15226234436035158       -8.0894565582275396E-002  -3.7546329498291023E-002  -1.3450353145599368E-002   0.0000000000000000        1.8601806908845900E-002   8.2290130220353613E-002  0.23425868887454274       0.47240223258966579       0.75000000000000000     
 -0.36000000000000010      -0.22250780105590826      -0.12512939453125002       -6.6883105039596574E-002  -3.5250883102417002E-002  -1.8601806908845907E-002  -1.7347234759768071E-018   5.7417607074603444E-002  0.19067704394459725       0.39673789364867840       0.63999999999999990     
 -0.49000000000000010      -0.32768283367156986      -0.21511238336563110      -0.14632079392671585      -0.10638182185590267       -8.2290130220353599E-002  -5.7417607074603430E-002   6.9388939039072284E-018  0.11863733550126199       0.29658582591626326       0.50999999999999990     
 -0.64000000000000012      -0.49514287233352661      -0.39219836235046385      -0.32268479295074937      -0.27365590333938594      -0.23425868887454271      -0.19067704394459722      -0.11863733550126197        0.0000000000000000       0.16414645647906578       0.35999999999999988     
 -0.81000000000000005      -0.72648400068283081      -0.65652577817440028      -0.59511866714805350      -0.53562074858695263      -0.47240223258966574      -0.39673789364867840      -0.29658582591626326      -0.16414645647906578        0.0000000000000000       0.18999999999999995     
  -1.0000000000000000      -0.98999999999999999      -0.95999999999999996      -0.90999999999999992      -0.83999999999999997      -0.75000000000000000      -0.63999999999999990      -0.50999999999999990      -0.35999999999999988      -0.18999999999999995        0.0000000000000000     
  -0.0000000000000000        1.0000000000000002E-002   4.0000000000000008E-002   9.0000000000000024E-002  0.16000000000000003       0.25000000000000000       0.36000000000000010       0.49000000000000010       0.64000000000000012       0.81000000000000005        1.0000000000000000     
  -1.0000000000000002E-002   8.6736173798840355E-019   2.3658447265625004E-002   5.8762969970703134E-002  0.10525846481323245       0.16466520786285402       0.24436935901641851       0.36115615367889409       0.52995962917804718       0.74662135183811185       0.98999999999999999     
  -4.0000000000000008E-002  -2.3658447265625004E-002   8.6736173798840355E-019   2.7192878723144534E-002   5.8150587081909184E-002   9.6372879743576056E-002  0.15568443179130559       0.26383993543684486       0.44325253393501041       0.68624813823029396       0.95999999999999996     
  -9.0000000000000024E-002  -5.8762969970703134E-002  -2.7192878723144534E-002   0.0000000000000000        2.3924229145050054E-002   5.0157641768455510E-002   9.6853437647223484E-002  0.19743999697268008       0.37736677534878255       0.62730891554150725       0.90999999999999992     
 -0.16000000000000003      -0.10525846481323244       -5.8150587081909184E-002  -2.3924229145050054E-002   0.0000000000000000        2.1352131217718125E-002   6.0797299407422539E-002  0.15354583248496056       0.32519801132380965       0.56622728986374571       0.83999999999999997     
 -0.25000000000000000      -0.16466520786285402       -9.6372879743576056E-002  -5.0157641768455510E-002  -2.1352131217718128E-002  -2.6020852139652106E-018   3.5771857406944038E-002  0.12024849646026270       0.27713144607958384       0.49752415739800193       0.75000000000000000     
 -0.36000000000000010      -0.24436935901641849      -0.15568443179130553       -9.6853437647223484E-002  -6.0797299407422546E-002  -3.5771857406944038E-002   3.4694469519536142E-018   7.7731385101214995E-002  0.21755951508268481       0.41291737459923750       0.63999999999999990     
 -0.49000000000000010      -0.36115615367889409      -0.26383993543684481      -0.19743999697268008      -0.15354583248496056      -0.12024849646026269       -7.7731385101214967E-002   1.0408340855860843E-017  0.12853633524973701       0.30390004158201001       0.50999999999999990     
 -0.64000000000000012      -0.52995962917804729      -0.44325253393501041      -0.37736677534878249      -0.32519801132380960      -0.27713144607958384      -0.21755951508268478      -0.12853633524973701        0.0000000000000000       0.16597501039550247       0.35999999999999988     
 -0.81000000000000005      -0.74662135183811196      -0.68624813823029396      -0.62730891554150725      -0.56622728986374560      -0.49752415739800193      -0.41291737459923744      -0.30390004158201001      -0.16597501039550247        0.0000000000000000       0.18999999999999995     
  -1.0000000000000000      -0.98999999999999999      -0.95999999999999996      -0.90999999999999992      -0.83999999999999997      -0.75000000000000000      -0.63999999999999990      -0.50999999999999990      -0.35999999999999988      -0.18999999999999995        0.0000000000000000     
  -0.0000000000000000        1.0000000000000002E-002   4.0000000000000008E-002   9.0000000000000024E-002  0.16000000000000003       0.25000000000000000       0.36000000000000010       0.49000000000000010       0.64000000000000012       0.81000000000000005        1.0000000000000000     
  -1.0000000000000002E-002   0.0000000000000000        2.4690742492675784E-002   6.1785521507263200E-002  0.11115032911300661       0.17547314196825031       0.26307843185961249       0.38671949911862613       0.55414834622293707       0.76009912111330769       0.98999999999999999     
  -4.0000000000000008E-002  -2.4690742492675784E-002   0.0000000000000000        2.9984027147293098E-002   6.5357866287231448E-002  0.11166827045381071       0.18386001884937286       0.30281801221892235       0.48014531800523402       0.70688833866501222       0.95999999999999996     
  -9.0000000000000024E-002  -6.1785521507263200E-002  -2.9984027147293098E-002   0.0000000000000000        2.8878877013921739E-002   6.4688179083168512E-002  0.12669637357816099       0.24010674840770663       0.41818974831956435       0.65032634421208058       0.90999999999999992     
 -0.16000000000000003      -0.11115032911300660       -6.5357866287231448E-002  -2.8878877013921739E-002  -8.6736173798840355E-019   3.1371369622647763E-002   8.6846358273178340E-002  0.19309990361623933       0.36366209696978324       0.58787814964496643       0.83999999999999997     
 -0.25000000000000000      -0.17547314196825028      -0.11166827045381070       -6.4688179083168512E-002  -3.1371369622647763E-002   0.0000000000000000        5.1773713683360256E-002  0.14993411212009961       0.30716997039264238       0.51449137365921160       0.75000000000000000     
 -0.36000000000000010      -0.26307843185961249      -0.18386001884937286      -0.12669637357816099       -8.6846358273178340E-002  -5.1773713683360256E-002   6.9388939039072284E-018   9.1873406800696111E-002  0.23512427176057826       0.42337892175044989       0.63999999999999990     
 -0.49000000000000010      -0.38671949911862619      -0.30281801221892235      -0.24010674840770660      -0.19309990361623930      -0.14993411212009961       -9.1873406800696097E-002   0.0000000000000000       0.13475607833564707       0.30852750262039980       0.50999999999999990     
 -0.64000000000000012      -0.55414834622293718      -0.48014531800523397      -0.41818974831956435      -0.36366209696978324      -0.30716997039264238      -0.23512427176057821      -0.13475607833564707        0.0000000000000000       0.16713187565509990       0.35999999999999988     
 -0.81000000000000005      -0.76009912111330769      -0.70688833866501222      -0.65032634421208058      -0.58787814964496643      -0.51449137365921160      -0.42337892175044994      -0.30852750262039985      -0.16713187565509993       -6.9388939039072284E-018  0.18999999999999995     
  -1.0000000000000000      -0.98999999999999999      -0.95999999999999996      -0.90999999999999992      -0.83999999999999997      -0.75000000000000000      -0.63999999999999990      -0.50999999999999990      -0.35999999999999988      -0.18999999999999995        0.0000000000000000     
  -0.0000000000000000        1.0000000000000002E-002   4.0000000000000008E-002   9.0000000000000024E-002  0.16000000000000003       0.25000000000000000       0.36000000000000010       0.49000000000000010       0.64000000000000012       0.81000000000000005        1.0000000000000000     
  -1.0000000000000002E-002   0.0000000000000000        2.5446380376815802E-002   6.4145184159278890E-002  0.11624404810369017       0.18524768760427832       0.27895680139306933       0.40648078995873221       0.57168130726931854       0.76964241148358270       0.98999999999999999     
  -4.0000000000000008E-002  -2.5446380376815802E-002   0.0000000000000000        3.2375762611627584E-002   7.2291739545762540E-002  0.12652190627064555       0.20874827336519955       0.33387028243421812       0.50765741917202833       0.72190654371692298       0.95999999999999996     
  -9.0000000000000024E-002  -6.4145184159278876E-002  -3.2375762611627584E-002   0.0000000000000000        3.4244979657232763E-002   7.9708657282171774E-002  0.15385250933206407       0.27475311092552146       0.44909974281985338       0.66722110904543563       0.90999999999999992     
 -0.16000000000000003      -0.11624404810369016       -7.2291739545762540E-002  -3.4244979657232763E-002   0.0000000000000000        4.1638753888837532E-002  0.11009122013012529       0.22461013503638239       0.39218949947346116       0.60347549554452717       0.83999999999999997     
 -0.25000000000000000      -0.18524768760427834      -0.12652190627064558       -7.9708657282171774E-002  -4.1638753888837532E-002   0.0000000000000000        6.5006333062556224E-002  0.17216496132306927       0.32849252655408012       0.52633673596226427       0.75000000000000000     
 -0.36000000000000010      -0.27895680139306939      -0.20874827336519958      -0.15385250933206407      -0.11009122013012529       -6.5006333062556224E-002   3.4694469519536142E-018  0.10182230827091188       0.24711245872777224       0.43049417432760906       0.63999999999999990     
 -0.49000000000000010      -0.40648078995873227      -0.33387028243421812      -0.27475311092552146      -0.22461013503638239      -0.17216496132306927      -0.10182230827091188        0.0000000000000000       0.13890999033704302       0.31163401007993796       0.50999999999999990     
 -0.64000000000000012      -0.57168130726931854      -0.50765741917202833      -0.44909974281985338      -0.39218949947346116      -0.32849252655408001      -0.24711245872777221      -0.13890999033704302       -6.9388939039072284E-018  0.16790850251998446       0.35999999999999988     
 -0.81000000000000005      -0.76964241148358270      -0.72190654371692287      -0.66722110904543563      -0.60347549554452706      -0.52633673596226427      -0.43049417432760906      -0.31163401007993796      -0.16790850251998446        0.0000000000000000       0.18999999999999995     
  -1.0000000000000000      -0.98999999999999999      -0.95999999999999996      -0.90999999999999992      -0.83999999999999997      -0.75000000000000000      -0.63999999999999990      -0.50999999999999990      -0.35999999999999988      -0.18999999999999995        0.0000000000000000     
  -0.0000000000000000        1.0000000000000002E-002   4.0000000000000008E-002   9.0000000000000024E-002  0.16000000000000003       0.25000000000000000       0.36000000000000010       0.49000000000000010       0.64000000000000012       0.81000000000000005        1.0000000000000000     
  -1.0000000000000002E-002   0.0000000000000000        2.6036296039819724E-002   6.6164026688784378E-002  0.12092586345970632       0.19410114278085530       0.29233255152619680       0.42197103530743335       0.58481771649076109       0.77668106505192092       0.98999999999999999     
  -4.0000000000000008E-002  -2.6036296039819721E-002   0.0000000000000000        3.4613941558636729E-002   7.9076672736555345E-002  0.14040868654119551       0.23011600745841862       0.35862439321585043       0.52861209906084694       0.73312856828955075       0.95999999999999996     
  -9.0000000000000024E-002  -6.6164026688784378E-002  -3.4613941558636729E-002   0.0000000000000000        3.9696332504681783E-002   9.3899070566694720E-002  0.17721485227019002       0.30238728083556909       0.47260249710382823       0.67980164023447653       0.90999999999999992     
 -0.16000000000000003      -0.12092586345970632       -7.9076672736555345E-002  -3.9696332504681783E-002   0.0000000000000000        5.0997572674205002E-002  0.12945722326083342       0.24904974122323323       0.41340506510641717       0.61488586032578940       0.83999999999999997     
 -0.25000000000000000      -0.19410114278085533      -0.14040868654119551       -9.3899070566694720E-002  -5.0997572674205002E-002   0.0000000000000000        7.5405546145975666E-002  0.18869253054855023       0.34388669758625096       0.53481668305991237       0.75000000000000000     
 -0.36000000000000010      -0.29233255152619680      -0.23011600745841862      -0.17721485227019002      -0.12945722326083342       -7.5405546145975666E-002   0.0000000000000000       0.10895124731908062       0.25556052739249591       0.43550280513308653       0.63999999999999990     
 -0.49000000000000010      -0.42197103530743341      -0.35862439321585049      -0.30238728083556904      -0.24904974122323323      -0.18869253054855017      -0.10895124731908060        6.9388939039072284E-018  0.14179863436810847       0.31380248550529483       0.50999999999999990     
 -0.64000000000000012      -0.58481771649076109      -0.52861209906084694      -0.47260249710382818      -0.41340506510641717      -0.34388669758625096      -0.25556052739249591      -0.14179863436810847        0.0000000000000000       0.16845062137632366       0.35999999999999988     
 -0.81000000000000005      -0.77668106505192092      -0.73312856828955086      -0.67980164023447642      -0.61488586032578940      -0.53481668305991237      -0.43550280513308653      -0.31380248550529483      -0.16845062137632366        0.0000000000000000       0.18999999999999995     
  -1.0000000000000000      -0.98999999999999999      -0.95999999999999996      -0.90999999999999992      -0.83999999999999997      -0.75000000000000000      -0.63999999999999990      -0.50999999999999990      -0.35999999999999988      -0.18999999999999995        0.0000000000000000     
  -0.0000000000000000        1.0000000000000002E-002   4.0000000000000008E-002   9.0000000000000024E-002  0.16000000000000003       0.25000000000000000       0.36000000000000010       0.49000000000000010       0.64000000000000012       0.81000000000000005        1.0000000000000000     
  -1.0000000000000002E-002   8.6736173798840355E-019   2.6541006672196096E-002   6.8020202922634790E-002  0.12529950461001138       0.20201018566935092       0.30352430710880074       0.43424160420385305       0.59488369207915526       0.78200306509217654       0.98999999999999999     
  -4.0000000000000008E-002  -2.6541006672196096E-002   0.0000000000000000        3.6774218914797534E-002   8.5544685642671550E-002  0.15289248733428396       0.24806400998228129       0.37832624852063756       0.54473525149829294       0.74163498920623649       0.95999999999999996     
  -9.0000000000000024E-002  -6.8020202922634804E-002  -3.6774218914797541E-002  -1.7347234759768071E-018   4.4860939052341564E-002  0.10649146283275514       0.19659999422785973       0.32414462026888968       0.49052164427701905       0.68926062345226125       0.90999999999999992     
 -0.16000000000000003      -0.12529950461001138       -8.5544685642671564E-002  -4.4860939052341571E-002  -1.7347234759768071E-018   5.8987171523397136E-002  0.14501061328011644       0.26781320730099339       0.42927685237251317       0.62333853972117170       0.83999999999999997     
 -0.25000000000000000      -0.20201018566935092      -0.15289248733428396      -0.10649146283275514       -5.8987171523397136E-002   0.0000000000000000        8.3425785957166668E-002  0.20101923454087289       0.35516832434144857       0.54100241729892673       0.75000000000000000     
 -0.36000000000000010      -0.30352430710880074      -0.24806400998228131      -0.19659999422785973      -0.14501061328011644       -8.3425785957166654E-002   1.0408340855860843E-017  0.11414494048334220       0.26165367608149648       0.43911464472142947       0.63999999999999990     
 -0.49000000000000010      -0.43424160420385310      -0.37832624852063756      -0.32414462026888968      -0.26781320730099334      -0.20101923454087289      -0.11414494048334220        0.0000000000000000       0.14386404039669781       0.31535732662361271       0.50999999999999990     
 -0.64000000000000012      -0.59488369207915526      -0.54473525149829294      -0.49052164427701905      -0.42927685237251317      -0.35516832434144863      -0.26165367608149648      -0.14386404039669781        0.0000000000000000       0.16883933165590315       0.35999999999999988     
 -0.81000000000000005      -0.78200306509217654      -0.74163498920623649      -0.68926062345226113      -0.62333853972117170      -0.54100241729892673      -0.43911464472142947      -0.31535732662361271      -0.16883933165590315        0.0000000000000000       0.18999999999999995     
  -1.0000000000000000      -0.98999999999999999      -0.95999999999999996      -0.90999999999999992      -0.83999999999999997      -0.75000000000000000      -0.63999999999999990      -0.50999999999999990      -0.35999999999999988      -0.18999999999999995        0.0000000000000000     
  -0.0000000000000000        1.0000000000000002E-002   4.0000000000000008E-002   9.0000000000000024E-002  0.16000000000000003       0.25000000000000000       0.36000000000000010       0.49000000000000010       0.64000000000000012       0.81000000000000005        1.0000000000000000     
  -1.0000000000000002E-002   0.0000000000000000        2.7005050730658699E-002   6.9769693563866905E-002  0.12933114121897235       0.20893698391551427       0.31281064952541221       0.44400514753130133       0.60268586603044272       0.78608021380916981       0.98999999999999999     
  -4.0000000000000008E-002  -2.7005050730658703E-002  -3.4694469519536142E-018   3.8828594801634614E-002   9.1478290601808121E-002  0.16374268683308971       0.26286989477674982       0.39393872851880840       0.55719530700812669       0.74813403606738937       0.95999999999999996     
  -9.0000000000000024E-002  -6.9769693563866919E-002  -3.8828594801634621E-002  -3.4694469519536142E-018   4.9492438358640811E-002  0.11720557273574686       0.21230767526537569       0.34114531384054908       0.50421952416836258       0.69642302498923092       0.90999999999999992     
 -0.16000000000000003      -0.12933114121897235       -9.1478290601808121E-002  -4.9492438358640811E-002   0.0000000000000000        6.5554046503965818E-002  0.15727517875687538       0.28217914487770268       0.44122638327717140       0.62966295639133230       0.83999999999999997     
 -0.25000000000000000      -0.20893698391551427      -0.16374268683308971      -0.11720557273574685       -6.5554046503965818E-002   3.4694469519536142E-018   8.9573603324437062E-002  0.21026650325673263       0.36353724497858181       0.54557871152283588       0.75000000000000000     
 -0.36000000000000010      -0.31281064952541221      -0.26286989477674982      -0.21230767526537569      -0.15727517875687538       -8.9573603324437062E-002   0.0000000000000000       0.11798004483455728       0.26612399373281659       0.44176500796981627       0.63999999999999990     
 -0.49000000000000010      -0.44400514753130127      -0.39393872851880840      -0.34114531384054914      -0.28217914487770263      -0.21026650325673263      -0.11798004483455728        0.0000000000000000       0.14537033008910732       0.31649366742870666       0.50999999999999990     
 -0.64000000000000012      -0.60268586603044272      -0.55719530700812658      -0.50421952416836247      -0.44122638327717134      -0.36353724497858181      -0.26612399373281659      -0.14537033008910732        0.0000000000000000       0.16912341685717663       0.35999999999999988     
 -0.81000000000000005      -0.78608021380916981      -0.74813403606738937      -0.69642302498923092      -0.62966295639133218      -0.54557871152283588      -0.44176500796981627      -0.31649366742870666      -0.16912341685717663        0.0000000000000000       0.18999999999999995     
  -1.0000000000000000      -0.98999999999999999      -0.95999999999999996      -0.90999999999999992      -0.83999999999999997      -0.75000000000000000      -0.63999999999999990      -0.50999999999999990      -0.35999999999999988      -0.18999999999999995        0.0000000000000000     
  -0.0000000000000000        1.0000000000000002E-002   4.0000000000000008E-002   9.0000000000000024E-002  0.16000000000000003       0.25000000000000000       0.36000000000000010       0.49000000000000010       0.64000000000000012       0.81000000000000005        1.0000000000000000     
  -1.0000000000000002E-002  -8.6736173798840355E-019   2.7442423390966728E-002   7.1400539852893435E-002  0.13295395359255396       0.21487682248776396       0.32043796619895382       0.45176564018705123       0.60876029025108691       0.78922358157961914       0.98999999999999999     
  -4.0000000000000008E-002  -2.7442423390966732E-002  -1.7347234759768071E-018   4.0719707613675389E-002   9.6727196599489973E-002  0.17291987164993766       0.27490106040826889       0.40625183036099899       0.56684142021195949       0.75312200669520235       0.95999999999999996     
  -9.0000000000000024E-002  -7.1400539852893435E-002  -4.0719707613675389E-002   0.0000000000000000        5.3483192333809208E-002  0.12606619643827210       0.22484693736099137       0.35437435919201393       0.51471629691759391       0.70187531500103217       0.90999999999999992     
 -0.16000000000000003      -0.13295395359255396       -9.6727196599489973E-002  -5.3483192333809201E-002   0.0000000000000000        7.0835343798786865E-002  0.16685875734047950       0.29318150076659932       0.45027449976352685       0.63443213157184863       0.83999999999999997     
 -0.25000000000000000      -0.21487682248776396      -0.17291987164993766      -0.12606619643827210       -7.0835343798786865E-002   0.0000000000000000        9.4281315149303033E-002  0.21724502643226037       0.36980555786285990       0.54900067435113120       0.75000000000000000     
 -0.36000000000000010      -0.32043796619895382      -0.27490106040826889      -0.22484693736099137      -0.16685875734047950       -9.4281315149303033E-002   0.0000000000000000       0.12084225504126925       0.26944578774076322       0.44373503238015027       0.63999999999999990     
 -0.49000000000000010      -0.45176564018705123      -0.40625183036099899      -0.35437435919201388      -0.29318150076659932      -0.21724502643226035      -0.12084225504126923        0.0000000000000000       0.14648486379236747       0.31733582825742357       0.50999999999999990     
 -0.64000000000000012      -0.60876029025108691      -0.56684142021195938      -0.51471629691759391      -0.45027449976352674      -0.36980555786285990      -0.26944578774076317      -0.14648486379236747        0.0000000000000000       0.16933395706435586       0.35999999999999988     
 -0.81000000000000005      -0.78922358157961914      -0.75312200669520235      -0.70187531500103217      -0.63443213157184863      -0.54900067435113120      -0.44373503238015022      -0.31733582825742357      -0.16933395706435586        0.0000000000000000       0.18999999999999995     
  -1.0000000000000000      -0.98999999999999999      -0.95999999999999996      -0.90999999999999992      -0.83999999999999997      -0.75000000000000000      -0.63999999999999990      -0.50999999999999990      -0.35999999999999988      -0.18999999999999995        0.0000000000000000     
  -0.0000000000000000        1.0000000000000002E-002   4.0000000000000008E-002   9.0000000000000024E-002  0.16000000000000003       0.25000000000000000       0.36000000000000010       0.49000000000000010       0.64000000000000012       0.81000000000000005        1.0000000000000000     
  -1.0000000000000002E-002  -8.6736173798840355E-019   2.7850134963223361E-002   7.2880949042363183E-002  0.13612124203240428       0.21986976997032393       0.32663411764141104       0.45791155956337426       0.61349414033873828       0.79165403675848522       0.98999999999999999     
  -4.0000000000000008E-002  -2.7850134963223361E-002   0.0000000000000000        4.2402036410463292E-002  0.10123158560665362       0.18051715310587962       0.28456250961732021       0.41592246214616696       0.57431372652442536       0.75696076957098568       0.95999999999999996     
  -9.0000000000000024E-002  -7.2880949042363183E-002  -4.2402036410463292E-002   1.7347234759768071E-018   5.6824445511231433E-002  0.13325596994422234       0.23476289902350900       0.36464578971346728       0.52277733275061289       0.70604255847336184       0.90999999999999992     
 -0.16000000000000003      -0.13612124203240428      -0.10123158560665362       -5.6824445511231433E-002   0.0000000000000000        7.5028681821175461E-002  0.17431359919014669       0.30161972877485027       0.45715868774004292       0.63805048014113408       0.83999999999999997     
 -0.25000000000000000      -0.21986976997032393      -0.18051715310587962      -0.13325596994422234       -7.5028681821175461E-002   0.0000000000000000        9.7889656405601766E-002  0.22253929952114529       0.37453611233827067       0.55158040621488880       0.75000000000000000     
 -0.36000000000000010      -0.32663411764141104      -0.28456250961732027      -0.23476289902350900      -0.17431359919014672       -9.7889656405601766E-002   3.4694469519536142E-018  0.12299627181547712       0.27193807008156640       0.44521357613846968       0.63999999999999990     
 -0.49000000000000010      -0.45791155956337426      -0.41592246214616696      -0.36464578971346728      -0.30161972877485033      -0.22253929952114532      -0.12299627181547712        0.0000000000000000       0.14731847458474751       0.31796650194689324       0.50999999999999990     
 -0.64000000000000012      -0.61349414033873817      -0.57431372652442536      -0.52277733275061289      -0.45715868774004292      -0.37453611233827067      -0.27193807008156634      -0.14731847458474748        6.9388939039072284E-018  0.16949162548672328       0.35999999999999988     
 -0.81000000000000005      -0.79165403675848522      -0.75696076957098568      -0.70604255847336184      -0.63805048014113397      -0.55158040621488869      -0.44521357613846962      -0.31796650194689324      -0.16949162548672328        0.0000000000000000       0.18999999999999995     
  -1.0000000000000000      -0.98999999999999999      -0.95999999999999996      -0.90999999999999992      -0.83999999999999997      -0.75000000000000000      -0.63999999999999990      -0.50999999999999990      -0.35999999999999988      -0.18999999999999995        0.0000000000000000     
  -0.0000000000000000        1.0000000000000002E-002   4.0000000000000008E-002   9.0000000000000024E-002  0.16000000000000003       0.25000000000000000       0.36000000000000010       0.49000000000000010       0.64000000000000012       0.81000000000000005        1.0000000000000000     
  -1.0000000000000002E-002   0.0000000000000000        2.8220237260590798E-002   7.4185878925864604E-002  0.13882180862571053       0.22399326984325030       0.33161683475598625       0.46275835931022291       0.61718153064828341       0.79353557505481720       0.98999999999999999     
  -4.0000000000000008E-002  -2.8220237260590798E-002   0.0000000000000000        4.3854366133129555E-002  0.10500444334398779       0.18670404818719516       0.29225156102821437       0.42349235914408245       0.58010299802849108       0.75992028288916758       0.95999999999999996     
  -9.0000000000000024E-002  -7.4185878925864604E-002  -4.3854366133129555E-002   0.0000000000000000        5.9565103322052532E-002  0.13901518308848304       0.24255653325507784       0.37261148848115588       0.52897893318076294       0.70923742405276624       0.90999999999999992     
 -0.16000000000000003      -0.13882180862571053      -0.10500444334398779       -5.9565103322052532E-002   0.0000000000000000        7.8332195569657426E-002  0.18009952850129682       0.30810225106091021       0.46241694418026946       0.64080869361198112       0.83999999999999997     
 -0.25000000000000000      -0.22399326984325030      -0.18670404818719516      -0.13901518308848304       -7.8332195569657440E-002  -3.4694469519536142E-018  0.10065970700561053       0.22657358555506713       0.37812725150794790       0.55353738031459965       0.75000000000000000     
 -0.36000000000000010      -0.33161683475598625      -0.29225156102821437      -0.24255653325507784      -0.18009952850129685      -0.10065970700561054       -3.4694469519536142E-018  0.12462791390915838       0.27382180403508088       0.44633142157414341       0.63999999999999990     
 -0.49000000000000010      -0.46275835931022286      -0.42349235914408245      -0.37261148848115588      -0.30810225106091027      -0.22657358555506715      -0.12462791390915837        6.9388939039072284E-018  0.14794707649549355       0.31844253088909008       0.50999999999999990     
 -0.64000000000000012      -0.61718153064828341      -0.58010299802849108      -0.52897893318076294      -0.46241694418026946      -0.37812725150794790      -0.27382180403508083      -0.14794707649549352        6.9388939039072284E-018  0.16961063272227250       0.35999999999999988     
 -0.81000000000000005      -0.79353557505481720      -0.75992028288916758      -0.70923742405276613      -0.64080869361198112      -0.55353738031459965      -0.44633142157414341      -0.31844253088909003      -0.16961063272227248        6.9388939039072284E-018  0.18999999999999995     
  -1.0000000000000000      -0.98999999999999999      -0.95999999999999996      -0.90999999999999992      -0.83999999999999997      -0.75000000000000000      -0.63999999999999990      -0.50999999999999990      -0.35999999999999988      -0.18999999999999995        0.0000000000000000     
  -0.0000000000000000        1.0000000000000002E-002   4.0000000000000008E-002   9.0000000000000024E-002  0.16000000000000003       0.25000000000000000       0.36000000000000010       0.49000000000000010       0.64000000000000012       0.81000000000000005        1.0000000000000000     
  -1.0000000000000002E-002   0.0000000000000000        2.8546469731466153E-002   7.5305661122576556E-002  0.14107584357745367       0.22734918163015877       0.33558977549214902       0.46656591632112876       0.62005112235110926       0.79499285131006925       0.98999999999999999     
  -4.0000000000000008E-002  -2.8546469731466153E-002   0.0000000000000000        4.5077526116641085E-002  0.10810563030083561       0.19168038901192294       0.29832976422580809       0.42940254176414594       0.58458822004629640       0.76220462385228294       0.95999999999999996     
  -9.0000000000000024E-002  -7.5305661122576556E-002  -4.5077526116641085E-002   0.0000000000000000        6.1780203347329664E-002  0.14358733029599696       0.24865702787606445       0.37878518847047088       0.53375694418745079       0.71169256541292869       0.90999999999999992     
 -0.16000000000000003      -0.14107584357745367      -0.10810563030083561       -6.1780203347329664E-002  -3.4694469519536142E-018   8.0921714699323438E-002  0.18458517516047718       0.31309022334157122       0.46644577816223776       0.64291893097244157       0.83999999999999997     
 -0.25000000000000000      -0.22734918163015877      -0.19168038901192294      -0.14358733029599696       -8.0921714699323452E-002  -6.9388939039072284E-018  0.10278969017888608       0.22965876973439089       0.38086593306157729       0.55502907140204061       0.75000000000000000     
 -0.36000000000000010      -0.33558977549214902      -0.29832976422580804      -0.24865702787606445      -0.18458517516047718      -0.10278969017888609        0.0000000000000000       0.12587014344236794       0.27525364364339555       0.44718131148363155       0.63999999999999990     
 -0.49000000000000010      -0.46656591632112876      -0.42940254176414594      -0.37878518847047093      -0.31309022334157116      -0.22965876973439087      -0.12587014344236791        1.3877787807814457E-017  0.14842404363312139       0.31880399695975636       0.50999999999999990     
 -0.64000000000000012      -0.62005112235110937      -0.58458822004629640      -0.53375694418745079      -0.46644577816223776      -0.38086593306157723      -0.27525364364339555      -0.14842404363312139        6.9388939039072284E-018  0.16970099923993906       0.35999999999999988     
 -0.81000000000000005      -0.79499285131006925      -0.76220462385228294      -0.71169256541292869      -0.64291893097244157      -0.55502907140204061      -0.44718131148363155      -0.31880399695975636      -0.16970099923993906        0.0000000000000000       0.18999999999999995     
  -1.0000000000000000      -0.98999999999999999      -0.95999999999999996      -0.90999999999999992      -0.83999999999999997      -0.75000000000000000      -0.63999999999999990      -0.50999999999999990      -0.35999999999999988      -0.18999999999999995        0.0000000000000000     
  -0.0000000000000000        1.0000000000000002E-002   4.0000000000000008E-002   9.0000000000000024E-002  0.16000000000000003       0.25000000000000000       0.36000000000000010       0.49000000000000010       0.64000000000000012       0.81000000000000005        1.0000000000000000     
  -1.0000000000000002E-002   0.0000000000000000        2.8826415280644141E-002   7.6244946243684719E-002  0.14292493954366978       0.23004877601193544       0.33873611413971810       0.46954744456374342       0.62228212898002733       0.79612168820807760       0.98999999999999999     
  -4.0000000000000008E-002  -2.8826415280644141E-002   0.0000000000000000        4.6087644136130083E-002  0.11061829400976311       0.19564604113587591       0.30311043122895109       0.43400782107736546       0.58806287952428160       0.76396928328632197       0.95999999999999996     
  -9.0000000000000024E-002  -7.6244946243684733E-002  -4.6087644136130090E-002  -1.7347234759768071E-018   6.3551406076440026E-002  0.14719404744692596       0.25341871057670629       0.38356842479577347       0.53744241197380549       0.71358265655814224       0.90999999999999992     
 -0.16000000000000003      -0.14292493954366980      -0.11061829400976314       -6.3551406076440026E-002  -3.4694469519536142E-018   8.2944805651850778E-002  0.18806085743725359       0.31693345753241392       0.46954018338505960       0.64453797783631062       0.83999999999999997     
 -0.25000000000000000      -0.23004877601193546      -0.19564604113587591      -0.14719404744692596       -8.2944805651850778E-002  -3.4694469519536142E-018  0.10442990679291111       0.23202486020731755       0.38296193965945335       0.55617030724484884       0.75000000000000000     
 -0.36000000000000010      -0.33873611413971805      -0.30311043122895109      -0.25341871057670629      -0.18806085743725359      -0.10442990679291111        6.9388939039072284E-018  0.12681962596267826       0.27634673018472111       0.44783025859733161       0.63999999999999990     
 -0.49000000000000010      -0.46954744456374337      -0.43400782107736546      -0.38356842479577341      -0.31693345753241392      -0.23202486020731755      -0.12681962596267826        0.0000000000000000       0.14878768178611937       0.31907973490584746       0.50999999999999990     
 -0.64000000000000012      -0.62228212898002733      -0.58806287952428160      -0.53744241197380527      -0.46954018338505954      -0.38296193965945335      -0.27634673018472111      -0.14878768178611937        0.0000000000000000       0.16976993372646182       0.35999999999999988     
 -0.81000000000000005      -0.79612168820807749      -0.76396928328632197      -0.71358265655814224      -0.64453797783631050      -0.55617030724484884      -0.44783025859733155      -0.31907973490584746      -0.16976993372646182        0.0000000000000000       0.18999999999999995     
  -1.0000000000000000      -0.98999999999999999      -0.95999999999999996      -0.90999999999999992      -0.83999999999999997      -0.75000000000000000      -0.63999999999999990      -0.50999999999999990      -0.35999999999999988      -0.18999999999999995        0.0000000000000000     
  -0.0000000000000000        1.0000000000000002E-002   4.0000000000000008E-002   9.0000000000000024E-002  0.16000000000000003       0.25000000000000000       0.36000000000000010       0.49000000000000010       0.64000000000000012       0.81000000000000005        1.0000000000000000     
  -1.0000000000000002E-002   0.0000000000000000        2.9061236560921182E-002   7.7018455060180263E-002  0.14442138127046972       0.23220088413651593       0.34121468998230264       0.47187616000992388       0.62401518193557082       0.79699611630547318       0.98999999999999999     
  -4.0000000000000008E-002  -2.9061236560921185E-002  -3.4694469519536142E-018   4.6909187267485844E-002  0.11263200393756786       0.19878434168749023       0.30685639083096616       0.43759096379023632       0.59075446024648359       0.76533330827752477       0.95999999999999996     
  -9.0000000000000024E-002  -7.7018455060180277E-002  -4.6909187267485858E-002  -3.4694469519536142E-018   6.4956512846123457E-002  0.15002609269054271       0.25712794143863399       0.38727369368377240       0.54028774846836447       0.71503975864555003       0.90999999999999992     
 -0.16000000000000003      -0.14442138127046972      -0.11263200393756788       -6.4956512846123457E-002   0.0000000000000000        8.4521737531949082E-002  0.19075326082397703       0.31989799952503167       0.47192141637229001       0.64578287056567218       0.83999999999999997     
 -0.25000000000000000      -0.23220088413651591      -0.19878434168749021      -0.15002609269054268       -8.4521737531949068E-002   3.4694469519536142E-018  0.10569453025782365       0.23384352385124674       0.38457049441327668       0.55704590589407010       0.75000000000000000     
 -0.36000000000000010      -0.34121468998230259      -0.30685639083096611      -0.25712794143863393      -0.19075326082397701      -0.10569453025782363        0.0000000000000000       0.12754756350899196       0.27718399957642992       0.44832741009408683       0.63999999999999990     
 -0.49000000000000010      -0.47187616000992388      -0.43759096379023621      -0.38727369368377229      -0.31989799952503162      -0.23384352385124671      -0.12754756350899196        0.0000000000000000       0.14906593362056936       0.31929081936027948       0.50999999999999990     
 -0.64000000000000012      -0.62401518193557082      -0.59075446024648359      -0.54028774846836436      -0.47192141637228996      -0.38457049441327668      -0.27718399957642992      -0.14906593362056936        0.0000000000000000       0.16982270484006984       0.35999999999999988     
 -0.81000000000000005      -0.79699611630547329      -0.76533330827752477      -0.71503975864554992      -0.64578287056567218      -0.55704590589407010      -0.44832741009408689      -0.31929081936027948      -0.16982270484006984        0.0000000000000000       0.18999999999999995     
  -1.0000000000000000      -0.98999999999999999      -0.95999999999999996      -0.90999999999999992      -0.83999999999999997      -0.75000000000000000      -0.63999999999999990      -0.50999999999999990      -0.35999999999999988      -0.18999999999999995        0.0000000000000000     
  -0.0000000000000000        1.0000000000000002E-002   4.0000000000000008E-002   9.0000000000000024E-002  0.16000000000000003       0.25000000000000000       0.36000000000000010       0.49000000000000010       0.64000000000000012       0.81000000000000005        1.0000000000000000     
  -1.0000000000000002E-002  -8.6736173798840355E-019   2.9254613765045068E-002   7.7646295575750160E-002  0.14561979591245849       0.23390470689556284       0.34315931443411318       0.47369136503998011       0.62536048539798428       0.79767344841887733       0.98999999999999999     
  -4.0000000000000008E-002  -2.9254613765045071E-002  -3.4694469519536142E-018   4.7569574878329510E-002  0.11423255633110042       0.20125493668704303       0.30978328908750663       0.44037570201443571       0.59283931103957732       0.76638812952600111       0.95999999999999996     
  -9.0000000000000024E-002  -7.7646295575750174E-002  -4.7569574878329510E-002   0.0000000000000000        6.6064662255410786E-002  0.15224231947825922       0.26001314076837878       0.39014364769405269       0.54248603343786750       0.71616425838238518       0.90999999999999992     
 -0.16000000000000003      -0.14561979591245849      -0.11423255633110042       -6.6064662255410772E-002   6.9388939039072284E-018   8.5748895075559065E-002  0.19283864140669826       0.32218680733107197       0.47375655143697204       0.64674167892835677       0.83999999999999997     
 -0.25000000000000000      -0.23390470689556281      -0.20125493668704300      -0.15224231947825920       -8.5748895075559051E-002   6.9388939039072284E-018  0.10667054131448625       0.23524385164195671       0.38580757713735725       0.55771916653995013       0.75000000000000000     
 -0.36000000000000010      -0.34315931443411324      -0.30978328908750663      -0.26001314076837878      -0.19283864140669826      -0.10667054131448625        0.0000000000000000       0.12810696280459666       0.27782697091415254       0.44870923920359551       0.63999999999999990     
 -0.49000000000000010      -0.47369136503998011      -0.44037570201443565      -0.39014364769405263      -0.32218680733107191      -0.23524385164195671      -0.12810696280459666        0.0000000000000000       0.14927944756860800       0.31945284790306827       0.50999999999999990     
 -0.64000000000000012      -0.62536048539798428      -0.59283931103957721      -0.54248603343786739      -0.47375655143697204      -0.38580757713735719      -0.27782697091415254      -0.14927944756860800        0.0000000000000000       0.16986321197576704       0.35999999999999988     
 -0.81000000000000005      -0.79767344841887722      -0.76638812952600111      -0.71616425838238507      -0.64674167892835677      -0.55771916653995024      -0.44870923920359557      -0.31945284790306833      -0.16986321197576704        0.0000000000000000       0.18999999999999995     
  -1.0000000000000000      -0.98999999999999999      -0.95999999999999996      -0.90999999999999992      -0.83999999999999997      -0.75000000000000000      -0.63999999999999990      -0.50999999999999990      -0.35999999999999988      -0.18999999999999995        0.0000000000000000     
  -0.0000000000000000        1.0000000000000002E-002   4.0000000000000008E-002   9.0000000000000024E-002  0.16000000000000003       0.25000000000000000       0.36000000000000010       0.49000000000000010       0.64000000000000012       0.81000000000000005        1.0000000000000000     
  -1.0000000000000002E-002  -8.6736173798840355E-019   2.9411573893937542E-002   7.8150236171181400E-002  0.14657187484946119       0.23524653149265434       0.34468029640503528       0.47510412095436383       0.62640422010320462       0.79819808740730147       0.98999999999999999     
  -4.0000000000000008E-002  -2.9411573893937545E-002   0.0000000000000000        4.8095698125570456E-002  0.11549679297937136       0.20319223325944791       0.31206534311182443       0.44253810569995455       0.59445412219175686       0.76720411699536095       0.95999999999999996     
  -9.0000000000000024E-002  -7.8150236171181400E-002  -4.8095698125570456E-002   3.4694469519536142E-018   6.6934778114407650E-002  0.15397226180444834       0.26225497350425597       0.39236647999328755       0.54418535300110038       0.71703278723120445       0.90999999999999992     
 -0.16000000000000003      -0.14657187484946116      -0.11549679297937135       -6.6934778114407636E-002   6.9388939039072284E-018   8.6702725802786651E-002  0.19445376198815020       0.32395516126509161       0.47517244258297653       0.64748109908853269       0.83999999999999997     
 -0.25000000000000000      -0.23524653149265434      -0.20319223325944788      -0.15397226180444834       -8.6702725802786651E-002   0.0000000000000000       0.10742440340752674       0.23632352615364308       0.38676052654768056       0.55823771620995222       0.75000000000000000     
 -0.36000000000000010      -0.34468029640503528      -0.31206534311182443      -0.26225497350425592      -0.19445376198815018      -0.10742440340752672        0.0000000000000000       0.12853762426694890       0.27832170939670825       0.44900306837743220       0.63999999999999990     
 -0.49000000000000010      -0.47510412095436383      -0.44253810569995455      -0.39236647999328744      -0.32395516126509161      -0.23632352615364305      -0.12853762426694890        0.0000000000000000       0.14944363932494414       0.31957747991953583       0.50999999999999990     
 -0.64000000000000012      -0.62640422010320462      -0.59445412219175686      -0.54418535300110027      -0.47517244258297642      -0.38676052654768056      -0.27832170939670825      -0.14944363932494414        0.0000000000000000       0.16989436997988394       0.35999999999999988     
 -0.81000000000000005      -0.79819808740730136      -0.76720411699536084      -0.71703278723120445      -0.64748109908853280      -0.55823771620995222      -0.44900306837743220      -0.31957747991953578      -0.16989436997988391        6.9388939039072284E-018  0.18999999999999995     
  -1.0000000000000000      -0.98999999999999999      -0.95999999999999996      -0.90999999999999992      -0.83999999999999997      -0.75000000000000000      -0.63999999999999990      -0.50999999999999990      -0.35999999999999988      -0.18999999999999995        0.0000000000000000     
  -0.0000000000000000        1.0000000000000002E-002   4.0000000000000008E-002   9.0000000000000024E-002  0.16000000000000003       0.25000000000000000       0.36000000000000010       0.49000000000000010       0.64000000000000012       0.81000000000000005        1.0000000000000000     
  -1.0000000000000002E-002  -8.6736173798840355E-019   2.9537559042795352E-002   7.8551283004456754E-002  0.14732365186912061       0.23629904538340094       0.34586712736239733       0.47620236329138910       0.62721364322261186       0.79860444005449327       0.98999999999999999     
  -4.0000000000000008E-002  -2.9537559042795352E-002   0.0000000000000000        4.8512018995957029E-002  0.11649067055973331       0.20470683021485175       0.31384175919536489       0.44421618116794964       0.59570482359675569       0.76783551272061334       0.95999999999999996     
  -9.0000000000000024E-002  -7.8551283004456740E-002  -4.8512018995957022E-002   3.4694469519536142E-018   6.7615733091045405E-002  0.15532006565323492       0.26399551670750937       0.39408805303541272       0.54549952661158740       0.71770403460518328       0.90999999999999992     
 -0.16000000000000003      -0.14732365186912061      -0.11649067055973328       -6.7615733091045405E-002   0.0000000000000000        8.7443456910346273E-002  0.19570463457261850       0.32532216408616271       0.47626582908349085       0.64805189497465665       0.83999999999999997     
 -0.25000000000000000      -0.23629904538340096      -0.20470683021485175      -0.15532006565323492       -8.7443456910346273E-002   3.4694469519536142E-018  0.10800704018156540       0.23715683877058941       0.38749552336518522       0.55863762167931852       0.75000000000000000     
 -0.36000000000000010      -0.34586712736239733      -0.31384175919536494      -0.26399551670750943      -0.19570463457261850      -0.10800704018156539        6.9388939039072284E-018  0.12886963704182441       0.27870296702734648       0.44922951715655018       0.63999999999999990     
 -0.49000000000000010      -0.47620236329138910      -0.44421618116794959      -0.39408805303541272      -0.32532216408616266      -0.23715683877058938      -0.12886963704182441        0.0000000000000000       0.14957011173672058       0.31967349971828862       0.50999999999999990     
 -0.64000000000000012      -0.62721364322261186      -0.59570482359675569      -0.54549952661158729      -0.47626582908349080      -0.38749552336518511      -0.27870296702734643      -0.14957011173672055        1.3877787807814457E-017  0.16991837492957212       0.35999999999999988     
 -0.81000000000000005      -0.79860444005449316      -0.76783551272061334      -0.71770403460518328      -0.64805189497465654      -0.55863762167931852      -0.44922951715655018      -0.31967349971828862      -0.16991837492957212        0.0000000000000000       0.18999999999999995     
  -1.0000000000000000      -0.98999999999999999      -0.95999999999999996      -0.90999999999999992      -0.83999999999999997      -0.75000000000000000      -0.63999999999999990      -0.50999999999999990      -0.35999999999999988      -0.18999999999999995        0.0000000000000000     
  -0.0000000000000000        1.0000000000000002E-002   4.0000000000000008E-002   9.0000000000000024E-002  0.16000000000000003       0.25000000000000000       0.36000000000000010       0.49000000000000010       0.64000000000000012       0.81000000000000005        1.0000000000000000     
  -1.0000000000000002E-002   0.0000000000000000        2.9637820751114190E-002   7.8868372904047968E-002  0.14791452221179555       0.23712211994726118       0.34679156060850380       0.47705534624976637       0.62784115247525385       0.79891916629896675       0.98999999999999999     
  -4.0000000000000008E-002  -2.9637820751114187E-002   1.7347234759768071E-018   4.8839760865945318E-002  0.11726921159590950       0.20588828909794260       0.31522288689547634       0.44551777744435278       0.59667349231295186       0.76832417330427538       0.95999999999999996     
  -9.0000000000000024E-002  -7.8868372904047968E-002  -4.8839760865945311E-002   0.0000000000000000        6.8147319312286098E-002  0.15636864550702109       0.26534605500263220       0.39542138078618377       0.54651618419695247       0.71822306311897122       0.90999999999999992     
 -0.16000000000000003      -0.14791452221179557      -0.11726921159590951       -6.8147319312286112E-002  -3.4694469519536142E-018   8.8018320019909890E-002  0.19667339482256754       0.32637936086570790       0.47711074085062555       0.64849285641222876       0.83999999999999997     
 -0.25000000000000000      -0.23712211994726115      -0.20588828909794263      -0.15636864550702112       -8.8018320019909904E-002   0.0000000000000000       0.10845755839828924       0.23780051991775170       0.38806296236876053       0.55894633398438487       0.75000000000000000     
 -0.36000000000000010      -0.34679156060850380      -0.31522288689547640      -0.26534605500263220      -0.19667339482256752      -0.10845755839828922        6.9388939039072284E-018  0.12912587173627454       0.27899711574957647       0.44940423736306251       0.63999999999999990     
 -0.49000000000000010      -0.47705534624976631      -0.44551777744435278      -0.39542138078618372      -0.32637936086570785      -0.23780051991775164      -0.12912587173627452        1.3877787807814457E-017  0.14966765386696629       0.31974756653990016       0.50999999999999990     
 -0.64000000000000012      -0.62784115247525385      -0.59667349231295175      -0.54651618419695236      -0.47711074085062549      -0.38806296236876048      -0.27899711574957642      -0.14966765386696626        6.9388939039072284E-018  0.16993689163497500       0.35999999999999988     
 -0.81000000000000005      -0.79891916629896675      -0.76832417330427538      -0.71822306311897099      -0.64849285641222876      -0.55894633398438487      -0.44940423736306245      -0.31974756653990016      -0.16993689163497500        0.0000000000000000       0.18999999999999995     
  -1.0000000000000000      -0.98999999999999999      -0.95999999999999996      -0.90999999999999992      -0.83999999999999997      -0.75000000000000000      -0.63999999999999990      -0.50999999999999990      -0.35999999999999988      -0.18999999999999995        0.0000000000000000     
  -0.0000000000000000        1.0000000000000002E-002   4.0000000000000008E-002   9.0000000000000024E-002  0.16000000000000003       0.25000000000000000       0.36000000000000010       0.49000000000000010       0.64000000000000012       0.81000000000000005        1.0000000000000000     
  -1.0000000000000002E-002   8.6736173798840355E-019   2.9717093226011994E-002   7.9117844075938221E-002  0.14837729390477725       0.23776428590280591       0.34751062976201214       0.47771738992040474       0.62832751213308091       0.79916292135933920       0.98999999999999999     
  -4.0000000000000008E-002  -2.9717093226011994E-002   1.7347234759768071E-018   4.9096763917961930E-002  0.11787741655824197       0.20680830871588632       0.31629569273122082       0.44652698893769027       0.59742371464299970       0.76870242478032758       0.95999999999999996     
  -9.0000000000000024E-002  -7.9117844075938221E-002  -4.9096763917961930E-002  -3.4694469519536142E-018   6.8561515516315757E-002  0.15718354981368604       0.26639350453841454       0.39645400963469130       0.54730288206182198       0.71862454081359461       0.90999999999999992     
 -0.16000000000000003      -0.14837729390477725      -0.11787741655824197       -6.8561515516315771E-002  -6.9388939039072284E-018   8.8464236159063403E-002  0.19742366499036879       0.32719723384835936       0.47776398367279266       0.64883371461769301       0.83999999999999997     
 -0.25000000000000000      -0.23776428590280593      -0.20680830871588637      -0.15718354981368607       -8.8464236159063403E-002   6.9388939039072284E-018  0.10880604622703012       0.23829802854510615       0.38850136548796504       0.55918482936718017       0.75000000000000000     
 -0.36000000000000010      -0.34751062976201219      -0.31629569273122088      -0.26639350453841459      -0.19742366499036876      -0.10880604622703011        6.9388939039072284E-018  0.12932378607367065       0.27922426069791612       0.44953916415124906       0.63999999999999990     
 -0.49000000000000010      -0.47771738992040469      -0.44652698893769027      -0.39645400963469124      -0.32719723384835930      -0.23829802854510609      -0.12932378607367062        1.3877787807814457E-017  0.14974295680945407       0.31980475314891954       0.50999999999999990     
 -0.64000000000000012      -0.62832751213308080      -0.59742371464299970      -0.54730288206182187      -0.47776398367279260      -0.38850136548796499      -0.27922426069791606      -0.14974295680945404        6.9388939039072284E-018  0.16995118828722985       0.35999999999999988     
 -0.81000000000000005      -0.79916292135933897      -0.76870242478032735      -0.71862454081359450      -0.64883371461769290      -0.55918482936718006      -0.44953916415124906      -0.31980475314891949      -0.16995118828722983        6.9388939039072284E-018  0.18999999999999995     
  -1.0000000000000000      -0.98999999999999999      -0.95999999999999996      -0.90999999999999992      -0.83999999999999997      -0.75000000000000000      -0.63999999999999990      -0.50999999999999990      -0.35999999999999988      -0.18999999999999995        0.0000000000000000     
  -0.0000000000000000        1.0000000000000002E-002   4.0000000000000008E-002   9.0000000000000024E-002  0.16000000000000003       0.25000000000000000       0.36000000000000010       0.49000000000000010       0.64000000000000012       0.81000000000000005        1.0000000000000000     
  -1.0000000000000002E-002   0.0000000000000000        2.9779461018984557E-002   7.9313379710430940E-002  0.14873877054286971       0.23826442725519204       0.34806937747670441       0.47823096963686895       0.62870440140980199       0.79935170654753240       0.98999999999999999     
  -4.0000000000000008E-002  -2.9779461018984557E-002   0.0000000000000000        4.9297699067168230E-002  0.11835157346055999       0.20752381081516474       0.31712842044199352       0.44730927858913838       0.59800474671027248       0.76899524851784984       0.95999999999999996     
  -9.0000000000000024E-002  -7.9313379710430926E-002  -4.9297699067168223E-002  -3.4694469519536142E-018   6.8883780818561502E-002  0.15781633308280105       0.26720560703746365       0.39725375038419586       0.54791175539521386       0.71893517963268905       0.90999999999999992     
 -0.16000000000000003      -0.14873877054286971      -0.11835157346056002       -6.8883780818561530E-002  -6.9388939039072284E-018   8.8809999518292465E-002  0.19800472165778640       0.32783012106497028       0.47826923914146058       0.64909731203533250       0.83999999999999997     
 -0.25000000000000000      -0.23826442725519206      -0.20752381081516474      -0.15781633308280107       -8.8809999518292465E-002   3.4694469519536142E-018  0.10907568755072314       0.23868274004433226       0.38884026731272231       0.55936918587482598       0.75000000000000000     
 -0.36000000000000010      -0.34806937747670441      -0.31712842044199352      -0.26720560703746365      -0.19800472165778638      -0.10907568755072311        1.3877787807814457E-017  0.12947675018556210       0.27939978461474690       0.44964343090962311       0.63999999999999990     
 -0.49000000000000010      -0.47823096963686895      -0.44730927858913833      -0.39725375038419586      -0.32783012106497023      -0.23868274004433224      -0.12947675018556207        1.3877787807814457E-017  0.14980113444091661       0.31984893840944234       0.50999999999999990     
 -0.64000000000000012      -0.62870440140980199      -0.59800474671027237      -0.54791175539521386      -0.47826923914146047      -0.38884026731272220      -0.27939978461474679      -0.14980113444091658        1.3877787807814457E-017  0.16996223460236054       0.35999999999999988     
 -0.81000000000000005      -0.79935170654753240      -0.76899524851784984      -0.71893517963268905      -0.64909731203533239      -0.55936918587482598      -0.44964343090962305      -0.31984893840944234      -0.16996223460236054        0.0000000000000000       0.18999999999999995     
  -1.0000000000000000      -0.98999999999999999      -0.95999999999999996      -0.90999999999999992      -0.83999999999999997      -0.75000000000000000      -0.63999999999999990      -0.50999999999999990      -0.35999999999999988      -0.18999999999999995        0.0000000000000000     
  -0.0000000000000000        1.0000000000000002E-002   4.0000000000000008E-002   9.0000000000000024E-002  0.16000000000000003       0.25000000000000000       0.36000000000000010       0.49000000000000010       0.64000000000000012       0.81000000000000005        1.0000000000000000     
  -1.0000000000000002E-002   0.0000000000000000        2.9828344927607737E-002   7.9466203634411439E-002  0.14902055108754086       0.23865343484485252       0.34850320623092879       0.47862922155746729       0.62899641870381806       0.79949791680541693       0.98999999999999999     
  -4.0000000000000008E-002  -2.9828344927607733E-002   1.7347234759768071E-018   4.9454444273742862E-002  0.11872064674875249       0.20807970877959991       0.31777445015928263       0.44791554220280461       0.59845474120492159       0.76922195941075699       0.95999999999999996     
  -9.0000000000000024E-002  -7.9466203634411425E-002  -4.9454444273742862E-002  -6.9388939039072284E-018   6.9134244957888391E-002  0.15830739007331113       0.26783507806864398       0.39787312418290816       0.54838307104049477       0.71917558562164607       0.90999999999999992     
 -0.16000000000000003      -0.14902055108754089      -0.11872064674875250       -6.9134244957888391E-002   0.0000000000000000        8.9078027932774390E-002  0.19845472865427796       0.32831995800574476       0.47866015209857360       0.64930123089876146       0.83999999999999997     
 -0.25000000000000000      -0.23865343484485252      -0.20807970877959991      -0.15830739007331113       -8.9078027932774376E-002   1.0408340855860843E-017  0.10928436717465256       0.23898033566967042       0.38910236456445424       0.55951175659320973       0.75000000000000000     
 -0.36000000000000010      -0.34850320623092879      -0.31777445015928268      -0.26783507806864404      -0.19845472865427793      -0.10928436717465254        1.3877787807814457E-017  0.12959503007110434       0.27953548999652461       0.44972404624979412       0.63999999999999990     
 -0.49000000000000010      -0.47862922155746729      -0.44791554220280461      -0.39787312418290821      -0.32831995800574471      -0.23898033566967036      -0.12959503007110429        2.0816681711721685E-017  0.14984610710149174       0.31988309698841155       0.50999999999999990     
 -0.64000000000000012      -0.62899641870381795      -0.59845474120492148      -0.54838307104049488      -0.47866015209857360      -0.38910236456445418      -0.27953548999652450      -0.14984610710149171        6.9388939039072284E-018  0.16997077424710286       0.35999999999999988     
 -0.81000000000000005      -0.79949791680541704      -0.76922195941075688      -0.71917558562164596      -0.64930123089876135      -0.55951175659320973      -0.44972404624979412      -0.31988309698841155      -0.16997077424710286        0.0000000000000000       0.18999999999999995     
  -1.0000000000000000      -0.98999999999999999      -0.95999999999999996      -0.90999999999999992      -0.83999999999999997      -0.75000000000000000      -0.63999999999999990      -0.50999999999999990      -0.35999999999999988      -0.18999999999999995        0.0000000000000000     
  -0.0000000000000000        1.0000000000000002E-002   4.0000000000000008E-002   9.0000000000000024E-002  0.16000000000000003       0.25000000000000000       0.36000000000000010       0.49000000000000010       0.64000000000000012       0.81000000000000005        1.0000000000000000     
  -1.0000000000000002E-002   8.6736173798840355E-019   2.9866550908602862E-002   7.9585386567471647E-002  0.14923986704026918       0.23895569551269946       0.34883984180736238       0.47893795067849632       0.62922265217220874       0.79961115289574147       0.98999999999999999     
  -4.0000000000000008E-002  -2.9866550908602858E-002   0.0000000000000000        4.9576508329056038E-002  0.11900758227670337       0.20851127950549914       0.31827543539607756       0.44838531286560090       0.59880324887226533       0.76939749684741321       0.95999999999999996     
  -9.0000000000000024E-002  -7.9585386567471661E-002  -4.9576508329056038E-002   0.0000000000000000        6.9328743087503628E-002  0.15868828214860528       0.26832289259546721       0.39835280862682693       0.54874794880482791       0.71936166913775057       0.90999999999999992     
 -0.16000000000000003      -0.14923986704026918      -0.11900758227670338       -6.9328743087503628E-002   3.4694469519536142E-018   8.9285752700720811E-002  0.19880324261914634       0.32869913475355433       0.47896266975539947       0.64945902387159005       0.83999999999999997     
 -0.25000000000000000      -0.23895569551269946      -0.20851127950549919      -0.15868828214860531       -8.9285752700720811E-002   6.9388939039072284E-018  0.10944589457220419       0.23921060599032928       0.38930513058386579       0.55962205017631250       0.75000000000000000     
 -0.36000000000000010      -0.34883984180736238      -0.31827543539607756      -0.26832289259546727      -0.19880324261914634      -0.10944589457220417        1.3877787807814457E-017  0.12968652399671349       0.27964045198296628       0.44978639978692259       0.63999999999999990     
 -0.49000000000000010      -0.47893795067849626      -0.44838531286560085      -0.39835280862682693      -0.32869913475355433      -0.23921060599032923      -0.12968652399671343        2.0816681711721685E-017  0.14988088724284446       0.31990951531921746       0.50999999999999990     
 -0.64000000000000012      -0.62922265217220874      -0.59880324887226533      -0.54874794880482791      -0.47896266975539947      -0.38930513058386573      -0.27964045198296628      -0.14988088724284446        0.0000000000000000       0.16997737882980435       0.35999999999999988     
 -0.81000000000000005      -0.79961115289574147      -0.76939749684741321      -0.71936166913775057      -0.64945902387158994      -0.55962205017631250      -0.44978639978692253      -0.31990951531921741      -0.16997737882980432        6.9388939039072284E-018  0.18999999999999995     
  -1.0000000000000000      -0.98999999999999999      -0.95999999999999996      -0.90999999999999992      -0.83999999999999997      -0.75000000000000000      -0.63999999999999990      -0.50999999999999990      -0.35999999999999988      -0.18999999999999995        0.0000000000000000     
  -0.0000000000000000        1.0000000000000002E-002   4.0000000000000008E-002   9.0000000000000024E-002  0.16000000000000003       0.25000000000000000       0.36000000000000010       0.49000000000000010       0.64000000000000012       0.81000000000000005        1.0000000000000000     
  -1.0000000000000002E-002   8.6736173798840355E-019   2.9896346641867914E-002   7.9678180502798290E-002  0.14941036457305029       0.23919037147147792       0.34910093938651293       0.47917722610608071       0.62939790696852194       0.79969885095398374       0.98999999999999999     
  -4.0000000000000008E-002  -2.9896346641867917E-002   0.0000000000000000        4.9671440694875418E-002  0.11923045696523213       0.20884613649534822       0.31866382033573232       0.44874927598522629       0.59907315715149734       0.76953341931080788       0.95999999999999996     
  -9.0000000000000024E-002  -7.9678180502798290E-002  -4.9671440694875418E-002   0.0000000000000000        6.9479684778459352E-002  0.15898361664249891       0.26870087205605114       0.39872430789991492       0.54903045098614056       0.71950572354213471       0.90999999999999992     
 -0.16000000000000003      -0.14941036457305029      -0.11923045696523213       -6.9479684778459366E-002  -3.4694469519536142E-018   8.9446714815411305E-002  0.19907315404930523       0.32899268442373719       0.47919682246633338       0.64958114904619513       0.83999999999999997     
 -0.25000000000000000      -0.23919037147147798      -0.20884613649534822      -0.15898361664249891       -8.9446714815411305E-002   3.4694469519536142E-018  0.10957094000990864       0.23938881975355630       0.38946203609479213       0.55970739623197741       0.75000000000000000     
 -0.36000000000000010      -0.34910093938651299      -0.31866382033573232      -0.26870087205605114      -0.19907315404930526      -0.10957094000990862        1.3877787807814457E-017  0.12975731793413064       0.27972166026467243       0.44983464295396680       0.63999999999999990     
 -0.49000000000000010      -0.47917722610608071      -0.44874927598522629      -0.39872430789991492      -0.32899268442373719      -0.23938881975355625      -0.12975731793413062        6.9388939039072284E-018  0.14990779389597247       0.31992995391993584       0.50999999999999990     
 -0.64000000000000012      -0.62939790696852183      -0.59907315715149734      -0.54903045098614056      -0.47919682246633333      -0.38946203609479207      -0.27972166026467243      -0.14990779389597247        6.9388939039072284E-018  0.16998248847998393       0.35999999999999988     
 -0.81000000000000005      -0.79969885095398374      -0.76953341931080788      -0.71950572354213449      -0.64958114904619502      -0.55970739623197741      -0.44983464295396680      -0.31992995391993584      -0.16998248847998393        0.0000000000000000       0.18999999999999995     
  -1.0000000000000000      -0.98999999999999999      -0.95999999999999996      -0.90999999999999992      -0.83999999999999997      -0.75000000000000000      -0.63999999999999990      -0.50999999999999990      -0.35999999999999988      -0.18999999999999995        0.0000000000000000     
  -0.0000000000000000        1.0000000000000002E-002   4.0000000000000008E-002   9.0000000000000024E-002  0.16000000000000003       0.25000000000000000       0.36000000000000010       0.49000000000000010       0.64000000000000012       0.81000000000000005        1.0000000000000000     
  -1.0000000000000002E-002  -8.6736173798840355E-019   2.9919545125699575E-002   7.9750337598406329E-002  0.14954279150877911       0.23937246684766006       0.34930337832236830       0.47936264031902914       0.62953366210612760       0.79976677035423382       0.98999999999999999     
  -4.0000000000000008E-002  -2.9919545125699575E-002   0.0000000000000000        4.9745198640909614E-002  0.11940345285587406       0.20910583917044134       0.31896484138352177       0.44903123668849082       0.59928219227289170       0.76963867154231513       0.95999999999999996     
  -9.0000000000000024E-002  -7.9750337598406329E-002  -4.9745198640909614E-002  -3.4694469519536142E-018   6.9596767374593249E-002  0.15921254835412427       0.26899371292171653       0.39901202125502128       0.54924918988409521       0.71961725261815146       0.90999999999999992     
 -0.16000000000000003      -0.14954279150877914      -0.11940345285587409       -6.9596767374593249E-002   0.0000000000000000        8.9571425600857374E-002  0.19928219073905493       0.32921996355349148       0.47937808464464349       0.64967568337369308       0.83999999999999997     
 -0.25000000000000000      -0.23937246684766009      -0.20910583917044134      -0.15921254835412427       -8.9571425600857374E-002   3.4694469519536142E-018  0.10966775262315281       0.23952676755139179       0.38958347717317127       0.55977345087520769       0.75000000000000000     
 -0.36000000000000010      -0.34930337832236835      -0.31896484138352177      -0.26899371292171653      -0.19928219073905493      -0.10966775262315279        1.3877787807814457E-017  0.12981210695401607       0.27978450524428167       0.44987197750985625       0.63999999999999990     
 -0.49000000000000010      -0.47936264031902914      -0.44903123668849076      -0.39901202125502128      -0.32921996355349148      -0.23952676755139174      -0.12981210695401604        6.9388939039072284E-018  0.14992861479105438       0.31994577019522358       0.50999999999999990     
 -0.64000000000000012      -0.62953366210612760      -0.59928219227289170      -0.54924918988409521      -0.47937808464464338      -0.38958347717317121      -0.27978450524428167      -0.14992861479105438        0.0000000000000000       0.16998644254880585       0.35999999999999988     
 -0.81000000000000005      -0.79976677035423394      -0.76963867154231502      -0.71961725261815124      -0.64967568337369297      -0.55977345087520769      -0.44987197750985625      -0.31994577019522363      -0.16998644254880588       -6.9388939039072284E-018  0.18999999999999995     
  -1.0000000000000000      -0.98999999999999999      -0.95999999999999996      -0.90999999999999992      -0.83999999999999997      -0.75000000000000000      -0.63999999999999990      -0.50999999999999990      -0.35999999999999988      -0.18999999999999995        0.0000000000000000     
  -0.0000000000000000        1.0000000000000002E-002   4.0000000000000008E-002   9.0000000000000024E-002  0.16000000000000003       0.25000000000000000       0.36000000000000010       0.49000000000000010       0.64000000000000012       0.81000000000000005        1.0000000000000000     
  -1.0000000000000002E-002   0.0000000000000000        2.9937584399601584E-002   7.9806393637322573E-002  0.14964557833521419       0.23951369895700594       0.34946029516488925       0.47950629848987691       0.62963881527925070       0.79981937170539152       0.98999999999999999     
  -4.0000000000000008E-002  -2.9937584399601584E-002   0.0000000000000000        4.9802461623299155E-002  0.11953766162588698       0.20930718758013472       0.31919810808880783       0.44924965502664937       0.59944408293307760       0.76972017681415505       0.95999999999999996     
  -9.0000000000000024E-002  -7.9806393637322587E-002  -4.9802461623299168E-002  -3.4694469519536142E-018   6.9687552495002816E-002  0.15938996964942787       0.26922057243307795       0.39923484522432851       0.54941856635505026       0.71970360663572452       0.90999999999999992     
 -0.16000000000000003      -0.14964557833521419      -0.11953766162588698       -6.9687552495002816E-002   0.0000000000000000        8.9668040097120705E-002  0.19944408217671072       0.32939594489926860       0.47951841795029582       0.64974886886530692       0.83999999999999997     
 -0.25000000000000000      -0.23951369895700597      -0.20930718758013475      -0.15938996964942787       -8.9668040097120705E-002   6.9388939039072284E-018  0.10974271243202563       0.23963356036462041       0.38967748360860144       0.55982458249594114       0.75000000000000000     
 -0.36000000000000010      -0.34946029516488925      -0.31919810808880783      -0.26922057243307795      -0.19944408217671072      -0.10974271243202562        6.9388939039072284E-018  0.12985451640222551       0.27983314807793441       0.44990087519227473       0.63999999999999990     
 -0.49000000000000010      -0.47950629848987691      -0.44924965502664943      -0.39923484522432851      -0.32939594489926860      -0.23963356036462036      -0.12985451640222551        0.0000000000000000       0.14994472956828950       0.31995801182734251       0.50999999999999990     
 -0.64000000000000012      -0.62963881527925070      -0.59944408293307760      -0.54941856635505015      -0.47951841795029571      -0.38967748360860133      -0.27983314807793436      -0.14994472956828950       -6.9388939039072284E-018  0.16998950295683560       0.35999999999999988     
 -0.81000000000000005      -0.79981937170539141      -0.76972017681415505      -0.71970360663572452      -0.64974886886530692      -0.55982458249594114      -0.44990087519227479      -0.31995801182734251      -0.16998950295683560        0.0000000000000000       0.18999999999999995     
  -1.0000000000000000      -0.98999999999999999      -0.95999999999999996      -0.90999999999999992      -0.83999999999999997      -0.75000000000000000      -0.63999999999999990      -0.50999999999999990      -0.35999999999999988      -0.18999999999999995        0.0000000000000000     
  -0.0000000000000000        1.0000000000000002E-002   4.0000000000000008E-002   9.0000000000000024E-002  0.16000000000000003       0.25000000000000000       0.36000000000000010       0.49000000000000010       0.64000000000000012       0.81000000000000005        1.0000000000000000     
  -1.0000000000000002E-002   0.0000000000000000        2.9951598409330645E-002   7.9849909591961005E-002  0.14972531754371349       0.23962320007218435       0.34958190166271730       0.47961759299215434       0.62972026190765584       0.79986010968045274       0.98999999999999999     
  -4.0000000000000008E-002  -2.9951598409330649E-002  -3.4694469519536142E-018   4.9846892804462001E-002  0.11964173760582826       0.20946325385406206       0.31937884574412667       0.44941884172342184       0.59956946170007075       0.76978329450406213       0.95999999999999996     
  -9.0000000000000024E-002  -7.9849909591961005E-002  -4.9846892804462001E-002   0.0000000000000000        6.9757926813814028E-002  0.15952744829951868       0.26939630536117115       0.39940741458472795       0.54954972521770473       0.71977047214676848       0.90999999999999992     
 -0.16000000000000003      -0.14972531754371349      -0.11964173760582827       -6.9757926813814042E-002  -3.4694469519536142E-018   8.9742882619057357E-002  0.19956946132788067       0.32953221355688123       0.47962707281212358       0.64980553186370826       0.83999999999999997     
 -0.25000000000000000      -0.23962320007218441      -0.20946325385406211      -0.15952744829951870       -8.9742882619057357E-002   3.4694469519536142E-018  0.10980075542312527       0.23971624224770838       0.38975026140842683       0.55986416711610243       0.75000000000000000     
 -0.36000000000000010      -0.34958190166271730      -0.31937884574412667      -0.26939630536117115      -0.19956946132788067      -0.10980075542312526        0.0000000000000000       0.12988734758141068       0.27987080343760046       0.44992324559526131       0.63999999999999990     
 -0.49000000000000010      -0.47961759299215440      -0.44941884172342178      -0.39940741458472795      -0.32953221355688117      -0.23971624224770832      -0.12988734758141068        0.0000000000000000       0.14995720381623573       0.31996748809208314       0.50999999999999990     
 -0.64000000000000012      -0.62972026190765584      -0.59956946170007064      -0.54954972521770462      -0.47962707281212347      -0.38975026140842683      -0.27987080343760046      -0.14995720381623573        0.0000000000000000       0.16999187202302074       0.35999999999999988     
 -0.81000000000000005      -0.79986010968045274      -0.76978329450406191      -0.71977047214676837      -0.64980553186370826      -0.55986416711610243      -0.44992324559526131      -0.31996748809208309      -0.16999187202302074        0.0000000000000000       0.18999999999999995     
  -1.0000000000000000      -0.98999999999999999      -0.95999999999999996      -0.90999999999999992      -0.83999999999999997      -0.75000000000000000      -0.63999999999999990      -0.50999999999999990      -0.35999999999999988      -0.18999999999999995        0.0000000000000000     
